3.768574015972348534e-01 1.000000000000000000e+00
4.537462684983921690e-01 1.000000000000000000e+00
6.765859004495974327e-01 1.000000000000000000e+00
2.295335195497929526e+00 1.000000000000000000e+00
2.474623678626037826e+00 1.000000000000000000e+00
2.512382677314898949e+00 2.000000000000000000e+00
2.609821260327990444e+00 1.000000000000000000e+00
2.693634737221371367e+00 1.000000000000000000e+00
2.890741197094386372e+00 1.000000000000000000e+00
3.024975123322614312e+00 2.000000000000000000e+00
3.483740472944475641e+00 1.000000000000000000e+00
4.236203172193627076e+00 1.000000000000000000e+00
4.510572669663982737e+00 2.000000000000000000e+00
5.586344081935123107e+00 1.000000000000000000e+00
6.436293092824765694e+00 1.000000000000000000e+00
6.437079867586544601e+00 1.000000000000000000e+00
7.503524832582190385e+00 1.000000000000000000e+00
7.520372010570263832e+00 1.000000000000000000e+00
7.541327538372883943e+00 1.000000000000000000e+00
7.722925075274517326e+00 1.000000000000000000e+00
8.218931529055002017e+00 1.000000000000000000e+00
8.557693316135621231e+00 1.000000000000000000e+00
8.662653240159491119e+00 1.000000000000000000e+00
9.331055066102383222e+00 1.000000000000000000e+00
1.014333064208627810e+01 1.000000000000000000e+00
1.041537818059337539e+01 1.000000000000000000e+00
1.048264928568379162e+01 1.000000000000000000e+00
1.082328048563139156e+01 1.000000000000000000e+00
1.089873185300091407e+01 1.000000000000000000e+00
1.131133449980823791e+01 1.000000000000000000e+00
1.135032281910184082e+01 1.000000000000000000e+00
1.189775685747263445e+01 1.000000000000000000e+00
1.233319868448240975e+01 1.000000000000000000e+00
1.332106544242387791e+01 1.000000000000000000e+00
1.383856810590551234e+01 1.000000000000000000e+00
1.391254775243203312e+01 1.000000000000000000e+00
1.530223463665286232e+01 2.000000000000000000e+00
1.532331684613221334e+01 1.000000000000000000e+00
1.561892494530539643e+01 1.000000000000000000e+00
1.636902538972404741e+01 1.000000000000000000e+00
1.649749119084025040e+01 2.000000000000000000e+00
1.739880840218660296e+01 2.000000000000000000e+00
1.795756491480914363e+01 2.000000000000000000e+00
1.815101148508671258e+01 1.000000000000000000e+00
1.872470213255336091e+01 1.000000000000000000e+00
1.891057211917767589e+01 1.000000000000000000e+00
1.919067587763013094e+01 1.000000000000000000e+00
1.927160798062924485e+01 2.000000000000000000e+00
1.945891642765795382e+01 1.000000000000000000e+00
1.994348244532638859e+01 1.000000000000000000e+00
2.005921444487471206e+01 1.000000000000000000e+00
2.032548124138147472e+01 1.000000000000000000e+00
2.032682629234433946e+01 1.000000000000000000e+00
2.086735722323498621e+01 1.000000000000000000e+00
2.181305586772582217e+01 1.000000000000000000e+00
2.214125196040639310e+01 1.000000000000000000e+00
2.217817079650578194e+01 1.000000000000000000e+00
2.239289708365459575e+01 1.000000000000000000e+00
2.279229815437494011e+01 1.000000000000000000e+00
2.288612211214580938e+01 1.000000000000000000e+00
2.312634525668257268e+01 1.000000000000000000e+00
2.322493648629650664e+01 2.000000000000000000e+00
2.331607963075814283e+01 1.000000000000000000e+00
2.426817997800470295e+01 1.000000000000000000e+00
2.570077320577026470e+01 1.000000000000000000e+00
2.738162725719374180e+01 1.000000000000000000e+00
2.813339567032004851e+01 1.000000000000000000e+00
2.818970069536263168e+01 1.000000000000000000e+00
2.824135448129084836e+01 2.000000000000000000e+00
2.834891322771951039e+01 1.000000000000000000e+00
2.855329629048915407e+01 1.000000000000000000e+00
2.884742495046740984e+01 1.000000000000000000e+00
2.958254736220279213e+01 1.000000000000000000e+00
2.966113674578537385e+01 1.000000000000000000e+00
3.048323824846692531e+01 1.000000000000000000e+00
3.069049051456009281e+01 1.000000000000000000e+00
3.125103436068081564e+01 1.000000000000000000e+00
3.128934090027156856e+01 1.000000000000000000e+00
3.169134571531488120e+01 1.000000000000000000e+00
3.295170249140071661e+01 1.000000000000000000e+00
3.355369287888471064e+01 1.000000000000000000e+00
3.489562438548698964e+01 1.000000000000000000e+00
3.525442085389632751e+01 1.000000000000000000e+00
3.557509268078447207e+01 1.000000000000000000e+00
3.683771931219016693e+01 1.000000000000000000e+00
3.684943861237100293e+01 1.000000000000000000e+00
3.724229387956749093e+01 2.000000000000000000e+00
3.782445823885730363e+01 1.000000000000000000e+00
3.832778797285778438e+01 1.000000000000000000e+00
3.861534197529218204e+01 1.000000000000000000e+00
3.902759282746148273e+01 1.000000000000000000e+00
3.936193293892113587e+01 1.000000000000000000e+00
3.982775995271303771e+01 1.000000000000000000e+00
4.032974003195158019e+01 1.000000000000000000e+00
4.055375010580845441e+01 1.000000000000000000e+00
4.098346364613298931e+01 1.000000000000000000e+00
4.112877928029487151e+01 1.000000000000000000e+00
4.290862061883177603e+01 2.000000000000000000e+00
4.291386578391030326e+01 2.000000000000000000e+00
4.337532135776964992e+01 1.000000000000000000e+00
4.357216249892699267e+01 1.000000000000000000e+00
4.406871577357075864e+01 1.000000000000000000e+00
4.413615578575032572e+01 1.000000000000000000e+00
4.440398302283573884e+01 1.000000000000000000e+00
4.656302306526686152e+01 1.000000000000000000e+00
4.688765772577071544e+01 1.000000000000000000e+00
4.751632913302388772e+01 1.000000000000000000e+00
4.754940429064316021e+01 1.000000000000000000e+00
4.784294485406816477e+01 1.000000000000000000e+00
4.787615937879166239e+01 1.000000000000000000e+00
4.851046653373825279e+01 1.000000000000000000e+00
4.874743084609455934e+01 1.000000000000000000e+00
4.881813335859312986e+01 1.000000000000000000e+00
4.938213974571031173e+01 1.000000000000000000e+00
5.002349888388127397e+01 2.000000000000000000e+00
5.013581340380176243e+01 2.000000000000000000e+00
5.024310569619458278e+01 1.000000000000000000e+00
5.027551692248589887e+01 2.000000000000000000e+00
5.088336108930003832e+01 1.000000000000000000e+00
5.140636060521792672e+01 1.000000000000000000e+00
5.142321821207846000e+01 1.000000000000000000e+00
5.148616716849678454e+01 2.000000000000000000e+00
5.172625611433369386e+01 1.000000000000000000e+00
5.419411471555559245e+01 1.000000000000000000e+00
5.423668406066739323e+01 1.000000000000000000e+00
5.434527560422085202e+01 1.000000000000000000e+00
5.450830573404853396e+01 1.000000000000000000e+00
5.478154895200118801e+01 1.000000000000000000e+00
5.479287686036668248e+01 2.000000000000000000e+00
5.528833946222227524e+01 1.000000000000000000e+00
5.542860335617817924e+01 1.000000000000000000e+00
5.619525190179623308e+01 1.000000000000000000e+00
5.622535815052866326e+01 1.000000000000000000e+00
5.705128877423747724e+01 2.000000000000000000e+00
5.775102160106327887e+01 2.000000000000000000e+00
5.802172375768507351e+01 1.000000000000000000e+00
5.829266000115665491e+01 1.000000000000000000e+00
5.866524533743582737e+01 1.000000000000000000e+00
5.912071442797870446e+01 1.000000000000000000e+00
5.933182615194534293e+01 1.000000000000000000e+00
5.955558017212153032e+01 1.000000000000000000e+00
5.956429067962241675e+01 1.000000000000000000e+00
5.965737007188415930e+01 1.000000000000000000e+00
5.984245125324378023e+01 1.000000000000000000e+00
5.987923066824321694e+01 1.000000000000000000e+00
6.022581348671639745e+01 1.000000000000000000e+00
6.100048306779982710e+01 1.000000000000000000e+00
6.121797147547342632e+01 1.000000000000000000e+00
6.214976184414723548e+01 1.000000000000000000e+00
6.220703377401588341e+01 2.000000000000000000e+00
6.221513549857354519e+01 1.000000000000000000e+00
6.272480113338559704e+01 1.000000000000000000e+00
6.276770661300085408e+01 1.000000000000000000e+00
6.278646028647202115e+01 1.000000000000000000e+00
6.284461962872914143e+01 1.000000000000000000e+00
6.301074412699301774e+01 1.000000000000000000e+00
6.328875928661367567e+01 1.000000000000000000e+00
6.388312721406897055e+01 1.000000000000000000e+00
6.489113647899482373e+01 1.000000000000000000e+00
6.492693482450130205e+01 1.000000000000000000e+00
6.623501596870656272e+01 1.000000000000000000e+00
6.711241350403460615e+01 1.000000000000000000e+00
6.741580811913237881e+01 1.000000000000000000e+00
6.747301232196329579e+01 1.000000000000000000e+00
6.762220428057518973e+01 2.000000000000000000e+00
6.769289642399962759e+01 1.000000000000000000e+00
6.920736300505542715e+01 1.000000000000000000e+00
6.943585453728917400e+01 2.000000000000000000e+00
6.955072673736013655e+01 1.000000000000000000e+00
6.988432857122528219e+01 2.000000000000000000e+00
7.135808665160294595e+01 1.000000000000000000e+00
7.181168975519665310e+01 1.000000000000000000e+00
7.199252752385127962e+01 1.000000000000000000e+00
7.215520323754260801e+01 2.000000000000000000e+00
7.246443431612088659e+01 1.000000000000000000e+00
7.253062079448979205e+01 1.000000000000000000e+00
7.265821235333942241e+01 2.000000000000000000e+00
7.266582197868120829e+01 1.000000000000000000e+00
7.283439315461085073e+01 1.000000000000000000e+00
7.327815295857951128e+01 1.000000000000000000e+00
7.423963000843878035e+01 1.000000000000000000e+00
7.540889666538824088e+01 2.000000000000000000e+00
7.558386819497609110e+01 1.000000000000000000e+00
7.566881879401226740e+01 2.000000000000000000e+00
7.629926143683637463e+01 1.000000000000000000e+00
7.659438421864864210e+01 1.000000000000000000e+00
7.685479207927440370e+01 1.000000000000000000e+00
7.742080043509247389e+01 1.000000000000000000e+00
7.767594036053179707e+01 1.000000000000000000e+00
7.894258647080692981e+01 1.000000000000000000e+00
7.931837904981756537e+01 2.000000000000000000e+00
8.008107527607231191e+01 1.000000000000000000e+00
8.009753397375176576e+01 1.000000000000000000e+00
8.098968000888059748e+01 1.000000000000000000e+00
8.127234107817545805e+01 1.000000000000000000e+00
8.222132456321607208e+01 2.000000000000000000e+00
8.250213278516214643e+01 1.000000000000000000e+00
8.298000524229078678e+01 1.000000000000000000e+00
8.302095742947719259e+01 1.000000000000000000e+00
8.316751062269561601e+01 1.000000000000000000e+00
8.337382481936981549e+01 1.000000000000000000e+00
8.337949109038574136e+01 1.000000000000000000e+00
8.385877014850188971e+01 1.000000000000000000e+00
8.510590532299120525e+01 1.000000000000000000e+00
8.514080741088424986e+01 1.000000000000000000e+00
8.551223972805593121e+01 1.000000000000000000e+00
8.563984224378273780e+01 1.000000000000000000e+00
8.628469330921591052e+01 1.000000000000000000e+00
8.880710294949251704e+01 2.000000000000000000e+00
8.906664550857910001e+01 1.000000000000000000e+00
9.036538655898631589e+01 1.000000000000000000e+00
9.090909134278275872e+01 1.000000000000000000e+00
9.151840737570427109e+01 1.000000000000000000e+00
9.204987169280502712e+01 1.000000000000000000e+00
9.225712070603674420e+01 2.000000000000000000e+00
9.275031834954688748e+01 2.000000000000000000e+00
9.300205134498831683e+01 1.000000000000000000e+00
9.361002782709768155e+01 1.000000000000000000e+00
9.372459724594511954e+01 1.000000000000000000e+00
9.376265134759019304e+01 1.000000000000000000e+00
9.418404119127006879e+01 1.000000000000000000e+00
9.433339630653900088e+01 1.000000000000000000e+00
9.459310923911407087e+01 1.000000000000000000e+00
9.561999083200738880e+01 1.000000000000000000e+00
9.591618261239038645e+01 1.000000000000000000e+00
9.592727452204623262e+01 1.000000000000000000e+00
9.652252725022388802e+01 1.000000000000000000e+00
9.657149481940938074e+01 1.000000000000000000e+00
9.664791360210195137e+01 1.000000000000000000e+00
9.957773219524543151e+01 1.000000000000000000e+00
9.970776518380442610e+01 1.000000000000000000e+00
9.999288954522414485e+01 1.000000000000000000e+00
1.009586336670753752e+02 1.000000000000000000e+00
1.019181023346669122e+02 1.000000000000000000e+00
1.019328884729154083e+02 1.000000000000000000e+00
1.021554456408814247e+02 2.000000000000000000e+00
1.029953869238682955e+02 1.000000000000000000e+00
1.037442700810019289e+02 1.000000000000000000e+00
1.041261663020359833e+02 2.000000000000000000e+00
1.043471292701056541e+02 1.000000000000000000e+00
1.046888898073236760e+02 1.000000000000000000e+00
1.056536239911280717e+02 1.000000000000000000e+00
1.056669417896348477e+02 1.000000000000000000e+00
1.069036555561936979e+02 1.000000000000000000e+00
1.072523400867670773e+02 1.000000000000000000e+00
1.073314757742306966e+02 1.000000000000000000e+00
1.083238532991215379e+02 1.000000000000000000e+00
1.087798826909045857e+02 1.000000000000000000e+00
1.091268359314936589e+02 2.000000000000000000e+00
1.101131583655374300e+02 1.000000000000000000e+00
1.102235922571191082e+02 1.000000000000000000e+00
1.126859275946794696e+02 1.000000000000000000e+00
1.127255812674693090e+02 1.000000000000000000e+00
1.129877406632237324e+02 1.000000000000000000e+00
1.134118814272476641e+02 1.000000000000000000e+00
1.134325361123235325e+02 1.000000000000000000e+00
1.136721996564168933e+02 1.000000000000000000e+00
1.150294494999056951e+02 1.000000000000000000e+00
1.150838850641867452e+02 1.000000000000000000e+00
1.153321692985538505e+02 1.000000000000000000e+00
1.156971081707764171e+02 1.000000000000000000e+00
1.170605040229141309e+02 1.000000000000000000e+00
1.180174790971375103e+02 1.000000000000000000e+00
1.185204603668376109e+02 1.000000000000000000e+00
1.188042118938263343e+02 1.000000000000000000e+00
1.208021353563034523e+02 1.000000000000000000e+00
1.210067432339114220e+02 2.000000000000000000e+00
1.214562883476096289e+02 1.000000000000000000e+00
1.214720184735928967e+02 1.000000000000000000e+00
1.226667063765455197e+02 1.000000000000000000e+00
1.226966885688613900e+02 1.000000000000000000e+00
1.229522047545324739e+02 1.000000000000000000e+00
1.235452475418021692e+02 1.000000000000000000e+00
1.235556549229744405e+02 1.000000000000000000e+00
1.236273350374161453e+02 1.000000000000000000e+00
1.238907660881636588e+02 1.000000000000000000e+00
1.247220562978991580e+02 1.000000000000000000e+00
1.248313475503557299e+02 2.000000000000000000e+00
1.248409277477703085e+02 1.000000000000000000e+00
1.250866083387750791e+02 1.000000000000000000e+00
1.258021722460276521e+02 1.000000000000000000e+00
1.260704807945178203e+02 2.000000000000000000e+00
1.264506661652788608e+02 1.000000000000000000e+00
1.276391415102549445e+02 1.000000000000000000e+00
1.279378391842008398e+02 2.000000000000000000e+00
1.281605623275292771e+02 1.000000000000000000e+00
1.286417652405604031e+02 1.000000000000000000e+00
1.286715893271501443e+02 1.000000000000000000e+00
1.286769340058068565e+02 1.000000000000000000e+00
1.291769011293934852e+02 1.000000000000000000e+00
1.297261095177196637e+02 2.000000000000000000e+00
1.304634795595216019e+02 1.000000000000000000e+00
1.307488062450828181e+02 1.000000000000000000e+00
1.317333359667314880e+02 1.000000000000000000e+00
1.317883280356868170e+02 1.000000000000000000e+00
1.323715566423730934e+02 1.000000000000000000e+00
1.325814853960511357e+02 1.000000000000000000e+00
1.329565496355092193e+02 2.000000000000000000e+00
1.333532270682815408e+02 1.000000000000000000e+00
1.337280962991647186e+02 2.000000000000000000e+00
1.343067728851581535e+02 1.000000000000000000e+00
1.349580516152708753e+02 1.000000000000000000e+00
1.351898508371915284e+02 1.000000000000000000e+00
1.354730488035973792e+02 1.000000000000000000e+00
1.355032082758764602e+02 2.000000000000000000e+00
1.355121752822955727e+02 2.000000000000000000e+00
1.358423885869183607e+02 1.000000000000000000e+00
1.366984701675414442e+02 1.000000000000000000e+00
1.374556444948400156e+02 1.000000000000000000e+00
1.375251729549900404e+02 1.000000000000000000e+00
1.378447872655915489e+02 1.000000000000000000e+00
1.383224536233725814e+02 1.000000000000000000e+00
1.384435373296825276e+02 1.000000000000000000e+00
1.384671223627328231e+02 1.000000000000000000e+00
1.391157148215665700e+02 2.000000000000000000e+00
1.393560998937897182e+02 1.000000000000000000e+00
1.397137518171891486e+02 1.000000000000000000e+00
1.405544589278135561e+02 1.000000000000000000e+00
1.407847082732301942e+02 1.000000000000000000e+00
1.408968131425300214e+02 1.000000000000000000e+00
1.411561951749521882e+02 1.000000000000000000e+00
1.414322342766037366e+02 1.000000000000000000e+00
1.417967430528410944e+02 1.000000000000000000e+00
1.426445688051088609e+02 1.000000000000000000e+00
1.434414413859154251e+02 1.000000000000000000e+00
1.434456319382936158e+02 1.000000000000000000e+00
1.439105202603078055e+02 1.000000000000000000e+00
1.439322534025782829e+02 1.000000000000000000e+00
1.443059351983709462e+02 1.000000000000000000e+00
1.444085425704894305e+02 1.000000000000000000e+00
1.452870829428278512e+02 1.000000000000000000e+00
1.454203724515054716e+02 2.000000000000000000e+00
1.458864606165866178e+02 1.000000000000000000e+00
1.459025642917407311e+02 1.000000000000000000e+00
1.466511154491730622e+02 1.000000000000000000e+00
1.476083464027092873e+02 2.000000000000000000e+00
1.478544719767052129e+02 2.000000000000000000e+00
1.481581703120973543e+02 1.000000000000000000e+00
1.483933474485899353e+02 1.000000000000000000e+00
1.486033451158176319e+02 1.000000000000000000e+00
1.488302284453601771e+02 1.000000000000000000e+00
1.492859805576972860e+02 2.000000000000000000e+00
1.497214137073044355e+02 1.000000000000000000e+00
1.502366033163093846e+02 1.000000000000000000e+00
1.507199179680930001e+02 1.000000000000000000e+00
1.510693423826238018e+02 1.000000000000000000e+00
1.512477553246167759e+02 1.000000000000000000e+00
1.515469452412099258e+02 1.000000000000000000e+00
1.518367217195604439e+02 1.000000000000000000e+00
1.519486543624995818e+02 2.000000000000000000e+00
1.525741474143053722e+02 2.000000000000000000e+00
1.540871129956392167e+02 1.000000000000000000e+00
1.541756350445504609e+02 2.000000000000000000e+00
1.543638803433195505e+02 1.000000000000000000e+00
1.550798318500953599e+02 1.000000000000000000e+00
1.554405308717209095e+02 2.000000000000000000e+00
1.556360539956910429e+02 1.000000000000000000e+00
1.564872746202381109e+02 1.000000000000000000e+00
1.576087529823316800e+02 1.000000000000000000e+00
1.584174911122231606e+02 1.000000000000000000e+00
1.587571407766125731e+02 1.000000000000000000e+00
1.587961805642065656e+02 1.000000000000000000e+00
1.588132622855592899e+02 1.000000000000000000e+00
1.596554338857779385e+02 1.000000000000000000e+00
1.603982707527563321e+02 1.000000000000000000e+00
1.612230443871117131e+02 1.000000000000000000e+00
1.612589987498780317e+02 1.000000000000000000e+00
1.614926275224173082e+02 1.000000000000000000e+00
1.617878665200313151e+02 2.000000000000000000e+00
1.618605810291820148e+02 1.000000000000000000e+00
1.619122858916459222e+02 1.000000000000000000e+00
1.621816297129152531e+02 1.000000000000000000e+00
1.628464487435659862e+02 1.000000000000000000e+00
1.629422249911467020e+02 1.000000000000000000e+00
1.630304444842266776e+02 1.000000000000000000e+00
1.634836559815398118e+02 1.000000000000000000e+00
1.643749928927098551e+02 1.000000000000000000e+00
1.651136259632643544e+02 1.000000000000000000e+00
1.651636942055729946e+02 1.000000000000000000e+00
1.662119289779722351e+02 1.000000000000000000e+00
1.667760443785216182e+02 1.000000000000000000e+00
1.670941573300324592e+02 1.000000000000000000e+00
1.671302888658630934e+02 1.000000000000000000e+00
1.671537424892538581e+02 1.000000000000000000e+00
1.687383350362006524e+02 1.000000000000000000e+00
1.700292008891825049e+02 1.000000000000000000e+00
1.713384880384683981e+02 2.000000000000000000e+00
1.719629755684683516e+02 1.000000000000000000e+00
1.721093187712004919e+02 1.000000000000000000e+00
1.722391720564218645e+02 1.000000000000000000e+00
1.722835499656317495e+02 1.000000000000000000e+00
1.724715151512315856e+02 1.000000000000000000e+00
1.731871707722914664e+02 1.000000000000000000e+00
1.735700593235555118e+02 1.000000000000000000e+00
1.738494612015594214e+02 1.000000000000000000e+00
1.745348088309516754e+02 1.000000000000000000e+00
1.747975747062617131e+02 1.000000000000000000e+00
1.748732488266436178e+02 1.000000000000000000e+00
1.757210115101668464e+02 1.000000000000000000e+00
1.763270107439629726e+02 1.000000000000000000e+00
1.769210465107132961e+02 1.000000000000000000e+00
1.771114789026516405e+02 1.000000000000000000e+00
1.774953561424292729e+02 1.000000000000000000e+00
1.776483242103475106e+02 1.000000000000000000e+00
1.782293108642027448e+02 1.000000000000000000e+00
1.784655600924011765e+02 1.000000000000000000e+00
1.794198422958594961e+02 1.000000000000000000e+00
1.804134632058482453e+02 1.000000000000000000e+00
1.804223200621148919e+02 1.000000000000000000e+00
1.806154115585433146e+02 1.000000000000000000e+00
1.814633025937261266e+02 1.000000000000000000e+00
1.817477827449365009e+02 1.000000000000000000e+00
1.820224239592163542e+02 1.000000000000000000e+00
1.825205474733530480e+02 1.000000000000000000e+00
1.825441817146249264e+02 2.000000000000000000e+00
1.825665613719088185e+02 1.000000000000000000e+00
1.829449237357629841e+02 1.000000000000000000e+00
1.834777824891685327e+02 1.000000000000000000e+00
1.838768127923389955e+02 1.000000000000000000e+00
1.839464834029394353e+02 1.000000000000000000e+00
1.839691574897272801e+02 1.000000000000000000e+00
1.857219841178651336e+02 1.000000000000000000e+00
1.872643225002008762e+02 1.000000000000000000e+00
1.875559711354669901e+02 2.000000000000000000e+00
1.879313379690842112e+02 2.000000000000000000e+00
1.884013802129101975e+02 1.000000000000000000e+00
1.889927548514633884e+02 2.000000000000000000e+00
1.896274465662258137e+02 1.000000000000000000e+00
1.896789726422028366e+02 1.000000000000000000e+00
1.900392136959929417e+02 1.000000000000000000e+00
1.903553086032610224e+02 2.000000000000000000e+00
1.906571231047551294e+02 1.000000000000000000e+00
1.908639482206698688e+02 1.000000000000000000e+00
1.911228233971811505e+02 1.000000000000000000e+00
1.912123710215529400e+02 1.000000000000000000e+00
1.914398205843729386e+02 1.000000000000000000e+00
1.921705032810605758e+02 1.000000000000000000e+00
1.921797269868307865e+02 1.000000000000000000e+00
1.923161663364494132e+02 2.000000000000000000e+00
1.927856999836864702e+02 1.000000000000000000e+00
1.930892484556352713e+02 1.000000000000000000e+00
1.939533188405835062e+02 1.000000000000000000e+00
1.946017145631407175e+02 1.000000000000000000e+00
1.946912191810195054e+02 1.000000000000000000e+00
1.948290431856943883e+02 1.000000000000000000e+00
1.949964816613483265e+02 1.000000000000000000e+00
1.951336516594205932e+02 1.000000000000000000e+00
1.951551043495447004e+02 1.000000000000000000e+00
1.961281319014945268e+02 1.000000000000000000e+00
1.963408441165994418e+02 1.000000000000000000e+00
1.966502653886069538e+02 1.000000000000000000e+00
1.969510828894990482e+02 1.000000000000000000e+00
1.972169824146852761e+02 2.000000000000000000e+00
1.974059994255133290e+02 1.000000000000000000e+00
1.977409116385691448e+02 2.000000000000000000e+00
1.979078557563434231e+02 1.000000000000000000e+00
1.979721472100546862e+02 1.000000000000000000e+00
1.980917904099738109e+02 1.000000000000000000e+00
1.982699429697690334e+02 1.000000000000000000e+00
1.983189837701976046e+02 1.000000000000000000e+00
1.990712853508791227e+02 1.000000000000000000e+00
1.991079039306048060e+02 1.000000000000000000e+00
2.003473547748195926e+02 1.000000000000000000e+00
2.032215883231127975e+02 2.000000000000000000e+00
